1 1 0 0 19800 4500 17 3 4 18 20 21 31 37 49 50 59 63 64 67 69 81 89 90 
11 2 0 0 9900 2250 9 10 14 15 25 40 43 44 48 51 
111 3 0 0 4950 1125 4 17 19 28 29 
1111 4 0 0 2475 562 0 
11111 5 0 0 1237 281 0 
11112 5 1237 0 2474 281 0 
11113 5 0 281 1237 562 0 
11114 5 1237 281 2474 562 0 
111141 6 1237 281 1855 421 0 
111142 6 1855 281 2473 421 0 
111143 6 1237 421 1855 561 0 
111144 6 1855 421 2473 561 1 16 
1112 4 2475 0 4950 562 1 30 
11121 5 2475 0 3712 281 0 
11122 5 3712 0 4949 281 0 
11123 5 2475 281 3712 562 1 27 
11124 5 3712 281 4949 562 0 
1113 4 0 562 2475 1124 0 
1114 4 2475 562 4950 1124 0 
11141 5 2475 562 3712 843 0 
11142 5 3712 562 4949 843 0 
111421 6 3712 562 4330 702 0 
111422 6 4330 562 4948 702 0 
111423 6 3712 702 4330 842 0 
1114231 7 3712 702 4021 772 0 
1114232 7 4021 702 4330 772 0 
1114233 7 3712 772 4021 842 0 
11142331 8 3712 772 3866 807 0 
11142332 8 3866 772 4020 807 0 
111423321 9 3866 772 3943 789 0 
111423322 9 3943 772 4020 789 0 
1114233221 10 3943 772 3981 780 0 
1114233222 10 3981 772 4019 780 0 
1114233223 10 3943 780 3981 788 0 
1114233224 10 3981 780 4019 788 0 
111423323 9 3866 789 3943 806 0 
111423324 9 3943 789 4020 806 0 
11142333 8 3712 807 3866 842 0 
11142334 8 3866 807 4020 842 0 
1114234 7 4021 772 4330 842 0 
111424 6 4330 702 4948 842 0 
11143 5 2475 843 3712 1124 0 
11144 5 3712 843 4949 1124 0 
112 3 4950 0 9900 1125 1 35 
1121 4 4950 0 7425 562 2 32 34 
11211 5 4950 0 6187 281 0 
11212 5 6187 0 7424 281 0 
11213 5 4950 281 6187 562 1 33 
11214 5 6187 281 7424 562 0 
1122 4 7425 0 9900 562 0 
1123 4 4950 562 7425 1124 0 
1124 4 7425 562 9900 1124 0 
113 3 0 1125 4950 2250 3 8 9 13 
1131 4 0 1125 2475 1687 2 5 6 
11311 5 0 1125 1237 1406 0 
113111 6 0 1125 618 1265 0 
113112 6 618 1125 1236 1265 0 
113113 6 0 1265 618 1405 0 
113114 6 618 1265 1236 1405 1 7 
11312 5 1237 1125 2474 1406 0 
11313 5 0 1406 1237 1687 0 
11314 5 1237 1406 2474 1687 0 
1132 4 2475 1125 4950 1687 0 
11321 5 2475 1125 3712 1406 0 
11322 5 3712 1125 4949 1406 0 
113221 6 3712 1125 4330 1265 0 
1132211 7 3712 1125 4021 1195 0 
1132212 7 4021 1125 4330 1195 0 
1132213 7 3712 1195 4021 1265 0 
11322131 8 3712 1195 3866 1230 0 
11322132 8 3866 1195 4020 1230 0 
113221321 9 3866 1195 3943 1212 0 
113221322 9 3943 1195 4020 1212 0 
1132213221 10 3943 1195 3981 1203 0 
1132213222 10 3981 1195 4019 1203 0 
1132213223 10 3943 1203 3981 1211 0 
1132213224 10 3981 1203 4019 1211 0 
113221323 9 3866 1212 3943 1229 0 
113221324 9 3943 1212 4020 1229 0 
11322133 8 3712 1230 3866 1265 0 
11322134 8 3866 1230 4020 1265 0 
1132214 7 4021 1195 4330 1265 0 
113222 6 4330 1125 4948 1265 0 
113223 6 3712 1265 4330 1405 0 
113224 6 4330 1265 4948 1405 0 
11323 5 2475 1406 3712 1687 0 
11324 5 3712 1406 4949 1687 1 42 
1133 4 0 1687 2475 2249 0 
11331 5 0 1687 1237 1968 0 
11332 5 1237 1687 2474 1968 1 12 
11333 5 0 1968 1237 2249 0 
11334 5 1237 1968 2474 2249 0 
1134 4 2475 1687 4950 2249 0 
11341 5 2475 1687 3712 1968 0 
11342 5 3712 1687 4949 1968 0 
113421 6 3712 1687 4330 1827 1 47 
1134211 7 3712 1687 4021 1757 0 
1134212 7 4021 1687 4330 1757 0 
1134213 7 3712 1757 4021 1827 0 
1134214 7 4021 1757 4330 1827 0 
11342141 8 4021 1757 4175 1792 0 
113421411 9 4021 1757 4098 1774 0 
113421412 9 4098 1757 4175 1774 0 
113421413 9 4021 1774 4098 1791 0 
113421414 9 4098 1774 4175 1791 0 
1134214141 10 4098 1774 4136 1782 0 
1134214142 10 4136 1774 4174 1782 0 
1134214143 10 4098 1782 4136 1790 0 
1134214144 10 4136 1782 4174 1790 1 46 
11342142 8 4175 1757 4329 1792 0 
11342143 8 4021 1792 4175 1827 0 
11342144 8 4175 1792 4329 1827 0 
113422 6 4330 1687 4948 1827 0 
113423 6 3712 1827 4330 1967 0 
113424 6 4330 1827 4948 1967 0 
11343 5 2475 1968 3712 2249 0 
11344 5 3712 1968 4949 2249 0 
114 3 4950 1125 9900 2250 3 58 130 250 
1141 4 4950 1125 7425 1687 0 
11411 5 4950 1125 6187 1406 0 
11412 5 6187 1125 7424 1406 0 
11413 5 4950 1406 6187 1687 0 
114131 6 4950 1406 5568 1546 0 
1141311 7 4950 1406 5259 1476 0 
11413111 8 4950 1406 5104 1441 0 
11413112 8 5104 1406 5258 1441 0 
11413113 8 4950 1441 5104 1476 0 
114131131 9 4950 1441 5027 1458 0 
114131132 9 5027 1441 5104 1458 0 
114131133 9 4950 1458 5027 1475 0 
114131134 9 5027 1458 5104 1475 0 
1141311341 10 5027 1458 5065 1466 0 
1141311342 10 5065 1458 5103 1466 0 
1141311343 10 5027 1466 5065 1474 0 
1141311344 10 5065 1466 5103 1474 0 
11413114 8 5104 1441 5258 1476 0 
1141312 7 5259 1406 5568 1476 0 
1141313 7 4950 1476 5259 1546 0 
1141314 7 5259 1476 5568 1546 0 
114132 6 5568 1406 6186 1546 0 
114133 6 4950 1546 5568 1686 0 
114134 6 5568 1546 6186 1686 0 
11414 5 6187 1406 7424 1687 0 
1142 4 7425 1125 9900 1687 0 
1143 4 4950 1687 7425 2249 4 52 53 55 57 
1144 4 7425 1687 9900 2249 1 68 
11441 5 7425 1687 8662 1968 9 62 232 233 236 237 238 240 241 242 
11442 5 8662 1687 9899 1968 8 66 243 244 245 246 247 248 249 
11443 5 7425 1968 8662 2249 0 
11444 5 8662 1968 9899 2249 0 
12 2 9900 0 19800 2250 1 88 
121 3 9900 0 14850 1125 0 
122 3 14850 0 19800 1125 0 
123 3 9900 1125 14850 2250 2 85 258 
1231 4 9900 1125 12375 1687 0 
1232 4 12375 1125 14850 1687 0 
1233 4 9900 1687 12375 2249 2 70 73 
12331 5 9900 1687 11137 1968 8 72 251 252 253 254 255 256 257 
12332 5 11137 1687 12374 1968 0 
12333 5 9900 1968 11137 2249 0 
12334 5 11137 1968 12374 2249 0 
1234 4 12375 1687 14850 2249 2 82 87 
12341 5 12375 1687 13612 1968 0 
12342 5 13612 1687 14849 1968 1 86 
12343 5 12375 1968 13612 2249 0 
12344 5 13612 1968 14849 2249 0 
124 3 14850 1125 19800 2250 0 
13 2 0 2250 9900 4500 5 54 75 77 78 80 
131 3 0 2250 4950 3375 0 
1311 4 0 2250 2475 2812 0 
1312 4 2475 2250 4950 2812 1 38 
1313 4 0 2812 2475 3374 0 
1314 4 2475 2812 4950 3374 0 
132 3 4950 2250 9900 3375 0 
1321 4 4950 2250 7425 2812 0 
1322 4 7425 2250 9900 2812 1 74 
1323 4 4950 2812 7425 3374 0 
1324 4 7425 2812 9900 3374 1 79 
133 3 0 3375 4950 4500 0 
134 3 4950 3375 9900 4500 0 
1341 4 4950 3375 7425 3937 0 
1342 4 7425 3375 9900 3937 1 76 
1343 4 4950 3937 7425 4499 0 
1344 4 7425 3937 9900 4499 0 
14 2 9900 2250 19800 4500 8 91 93 94 95 96 97 98 101 
141 3 9900 2250 14850 3375 0 
1411 4 9900 2250 12375 2812 0 
1412 4 12375 2250 14850 2812 0 
14121 5 12375 2250 13612 2531 0 
14122 5 13612 2250 14849 2531 0 
14123 5 12375 2531 13612 2812 0 
14124 5 13612 2531 14849 2812 0 
141241 6 13612 2531 14230 2671 0 
141242 6 14230 2531 14848 2671 0 
1412421 7 14230 2531 14539 2601 0 
1412422 7 14539 2531 14848 2601 0 
1412423 7 14230 2601 14539 2671 0 
1412424 7 14539 2601 14848 2671 0 
14124241 8 14539 2601 14693 2636 0 
14124242 8 14693 2601 14847 2636 0 
14124243 8 14539 2636 14693 2671 0 
141242431 9 14539 2636 14616 2653 0 
1412424311 10 14539 2636 14577 2644 0 
1412424312 10 14577 2636 14615 2644 0 
1412424313 10 14539 2644 14577 2652 0 
1412424314 10 14577 2644 14615 2652 0 
141242432 9 14616 2636 14693 2653 0 
141242433 9 14539 2653 14616 2670 0 
141242434 9 14616 2653 14693 2670 0 
14124244 8 14693 2636 14847 2671 0 
141243 6 13612 2671 14230 2811 0 
141244 6 14230 2671 14848 2811 0 
1413 4 9900 2812 12375 3374 0 
1414 4 12375 2812 14850 3374 0 
142 3 14850 2250 19800 3375 0 
143 3 9900 3375 14850 4500 1 100 
144 3 14850 3375 19800 4500 9 105 108 110 113 119 121 122 124 220 
1441 4 14850 3375 17325 3937 3 107 109 123 
14411 5 14850 3375 16087 3656 0 
14412 5 16087 3375 17324 3656 0 
14413 5 14850 3656 16087 3937 0 
144131 6 14850 3656 15468 3796 0 
144132 6 15468 3656 16086 3796 0 
144133 6 14850 3796 15468 3936 1 99 
144134 6 15468 3796 16086 3936 0 
14414 5 16087 3656 17324 3937 0 
1442 4 17325 3375 19800 3937 0 
14421 5 17325 3375 18562 3656 0 
14422 5 18562 3375 19799 3656 0 
14423 5 17325 3656 18562 3937 1 125 
14424 5 18562 3656 19799 3937 1 120 
1443 4 14850 3937 17325 4499 1 103 
14431 5 14850 3937 16087 4218 0 
14432 5 16087 3937 17324 4218 0 
14433 5 14850 4218 16087 4499 0 
144331 6 14850 4218 15468 4358 0 
144332 6 15468 4218 16086 4358 0 
1443321 7 15468 4218 15777 4288 0 
1443322 7 15777 4218 16086 4288 0 
1443323 7 15468 4288 15777 4358 0 
1443324 7 15777 4288 16086 4358 1 219 
14433241 8 15777 4288 15931 4323 0 
14433242 8 15931 4288 16085 4323 2 216 218 
14433243 8 15777 4323 15931 4358 0 
14433244 8 15931 4323 16085 4358 0 
144333 6 14850 4358 15468 4498 0 
144334 6 15468 4358 16086 4498 0 
14434 5 16087 4218 17324 4499 0 
144341 6 16087 4218 16705 4358 4 228 229 230 231 
144342 6 16705 4218 17323 4358 4 223 224 225 227 
144343 6 16087 4358 16705 4498 0 
144344 6 16705 4358 17323 4498 0 
1444 4 17325 3937 19800 4499 1 118 
14441 5 17325 3937 18562 4218 0 
14442 5 18562 3937 19799 4218 0 
14443 5 17325 4218 18562 4499 0 
144431 6 17325 4218 17943 4358 0 
1444311 7 17325 4218 17634 4288 0 
1444312 7 17634 4218 17943 4288 0 
1444313 7 17325 4288 17634 4358 0 
14443131 8 17325 4288 17479 4323 2 221 222 
14443132 8 17479 4288 17633 4323 0 
14443133 8 17325 4323 17479 4358 0 
14443134 8 17479 4323 17633 4358 0 
1444314 7 17634 4288 17943 4358 0 
144432 6 17943 4218 18561 4358 0 
144433 6 17325 4358 17943 4498 0 
144434 6 17943 4358 18561 4498 0 
14444 5 18562 4218 19799 4499 0 
